http://host5/folder/folder/folder/folder
